{"nbformat":4,"nbformat_minor":0,"metadata":{"colab":{"provenance":[],"authorship_tag":"ABX9TyPo7rLcxDr5jlAzfofteS/X"},"kernelspec":{"name":"python3","display_name":"Python 3"},"language_info":{"name":"python"}},"cells":[{"cell_type":"code","metadata":{"colab":{"base_uri":"https://localhost:8080/","height":795},"id":"a5ca8b96","executionInfo":{"status":"ok","timestamp":1777757803303,"user_tz":-120,"elapsed":430,"user":{"displayName":"Thomas Karabo Mohlapo","userId":"01401359363863313262"}},"outputId":"3fb8a6a7-c4c8-4bf6-fa18-80a1864ad337"},"source":["import pandas as pd\n","\n","# Load data from yahoo fincance to a dataframe\n","import yfinance as yf\n","\n","tickers = [\n","    \"SBK.JO\",\"FSR.JO\",\"ABG.JO\",\"NED.JO\",\n","    \"AGL.JO\",\"IMP.JO\",\n","    \"SHP.JO\",\"PIK.JO\",\"WHL.JO\",\n","    \"MTN.JO\",\"VOD.JO\",\n","    \"BVT.JO\",\"REM.JO\",\n","    \"SOL.JO\",\"NPN.JO\",\"PRX.JO\"\n","]\n","\n","df = yf.download(tickers, start=\"2020-01-01\", end=\"2025-01-01\")[\"Close\"]\n","\n","# Display the first 5 rows and info of the DataFrame\n","display(df.head())\n","df.info()"],"execution_count":22,"outputs":[{"output_type":"stream","name":"stderr","text":["/tmp/ipykernel_9131/1500372.py:15: FutureWarning: YF.download() has changed argument auto_adjust default to True\n","  df = yf.download(tickers, start=\"2020-01-01\", end=\"2025-01-01\")[\"Close\"]\n","[*********************100%***********************]  16 of 16 completed\n"]},{"output_type":"display_data","data":{"text/plain":["Ticker            ABG.JO        AGL.JO        BVT.JO       FSR.JO  \\\n","Date                                                                \n","2020-01-02  15004.889648  39658.980469  20505.820312  6302.160156   \n","2020-01-03  14897.350586  39601.363281  20518.791016  6208.500000   \n","2020-01-06  14474.158203  39232.289062  20261.343750  5983.315918   \n","2020-01-07  14097.766602  39118.050781  20364.123047  6018.188965   \n","2020-01-08  14234.183594  39172.734375  20448.943359  6014.204102   \n","\n","Ticker            IMP.JO       MTN.JO        NED.JO        NPN.JO  \\\n","Date                                                                \n","2020-01-02  14288.040039  8347.368164  21655.154297  46741.820312   \n","2020-01-03  14799.539062  8105.877441  21479.919922  47071.761719   \n","2020-01-06  14577.191406  8022.054688  21061.771484  46867.792969   \n","2020-01-07  14457.543945  8023.052246  21205.138672  47153.746094   \n","2020-01-08  15245.229492  7944.218750  20889.537109  46491.863281   \n","\n","Ticker           PIK.JO        PRX.JO        REM.JO        SBK.JO  \\\n","Date                                                                \n","2020-01-02  6377.471191  49022.402344  13958.857422  16812.164062   \n","2020-01-03  6338.523438  48957.710938  13930.948242  16656.791016   \n","2020-01-06  6148.777344  48861.820312  13686.910156  16273.336914   \n","2020-01-07  6236.660645  49568.355469  13715.537109  16286.285156   \n","2020-01-08  6246.646973  49409.152344  13703.370117  16369.946289   \n","\n","Ticker            SHP.JO        SOL.JO        VOD.JO       WHL.JO  \n","Date                                                               \n","2020-01-02  12502.412109  30347.042969  11561.832031  4938.207031  \n","2020-01-03  12349.690430  31161.025391  11544.892578  4929.226562  \n","2020-01-06  11976.364258  31795.232422  11368.503906  4777.558594  \n","2020-01-07  12178.000977  31495.607422  11470.151367  4794.520508  \n","2020-01-08  12206.949219  31103.097656  11460.185547  4871.353516  "],"text/html":["\n","  <div id=\"df-eaa37420-c399-4a58-9c58-4518ac7f17fe\" class=\"colab-df-container\">\n","    <div>\n","<style scoped>\n","    .dataframe tbody tr th:only-of-type {\n","        vertical-align: middle;\n","    }\n","\n","    .dataframe tbody tr th {\n","        vertical-align: top;\n","    }\n","\n","    .dataframe thead th {\n","        text-align: right;\n","    }\n","</style>\n","<table border=\"1\" class=\"dataframe\">\n","  <thead>\n","    <tr style=\"text-align: right;\">\n","      <th>Ticker</th>\n","      <th>ABG.JO</th>\n","      <th>AGL.JO</th>\n","      <th>BVT.JO</th>\n","      <th>FSR.JO</th>\n","      <th>IMP.JO</th>\n","      <th>MTN.JO</th>\n","      <th>NED.JO</th>\n","      <th>NPN.JO</th>\n","      <th>PIK.JO</th>\n","      <th>PRX.JO</th>\n","      <th>REM.JO</th>\n","      <th>SBK.JO</th>\n","      <th>SHP.JO</th>\n","      <th>SOL.JO</th>\n","      <th>VOD.JO</th>\n","      <th>WHL.JO</th>\n","    </tr>\n","    <tr>\n","      <th>Date</th>\n","      <th></th>\n","      <th></th>\n","      <th></th>\n","      <th></th>\n","      <th></th>\n","      <th></th>\n","      <th></th>\n","      <th></th>\n","      <th></th>\n","      <th></th>\n","      <th></th>\n","      <th></th>\n","      <th></th>\n","      <th></th>\n","      <th></th>\n","      <th></th>\n","    </tr>\n","  </thead>\n","  <tbody>\n","    <tr>\n","      <th>2020-01-02</th>\n","      <td>15004.889648</td>\n","      <td>39658.980469</td>\n","      <td>20505.820312</td>\n","      <td>6302.160156</td>\n","      <td>14288.040039</td>\n","      <td>8347.368164</td>\n","      <td>21655.154297</td>\n","      <td>46741.820312</td>\n","      <td>6377.471191</td>\n","      <td>49022.402344</td>\n","      <td>13958.857422</td>\n","      <td>16812.164062</td>\n","      <td>12502.412109</td>\n","      <td>30347.042969</td>\n","      <td>11561.832031</td>\n","      <td>4938.207031</td>\n","    </tr>\n","    <tr>\n","      <th>2020-01-03</th>\n","      <td>14897.350586</td>\n","      <td>39601.363281</td>\n","      <td>20518.791016</td>\n","      <td>6208.500000</td>\n","      <td>14799.539062</td>\n","      <td>8105.877441</td>\n","      <td>21479.919922</td>\n","      <td>47071.761719</td>\n","      <td>6338.523438</td>\n","      <td>48957.710938</td>\n","      <td>13930.948242</td>\n","      <td>16656.791016</td>\n","      <td>12349.690430</td>\n","      <td>31161.025391</td>\n","      <td>11544.892578</td>\n","      <td>4929.226562</td>\n","    </tr>\n","    <tr>\n","      <th>2020-01-06</th>\n","      <td>14474.158203</td>\n","      <td>39232.289062</td>\n","      <td>20261.343750</td>\n","      <td>5983.315918</td>\n","      <td>14577.191406</td>\n","      <td>8022.054688</td>\n","      <td>21061.771484</td>\n","      <td>46867.792969</td>\n","      <td>6148.777344</td>\n","      <td>48861.820312</td>\n","      <td>13686.910156</td>\n","      <td>16273.336914</td>\n","      <td>11976.364258</td>\n","      <td>31795.232422</td>\n","      <td>11368.503906</td>\n","      <td>4777.558594</td>\n","    </tr>\n","    <tr>\n","      <th>2020-01-07</th>\n","      <td>14097.766602</td>\n","      <td>39118.050781</td>\n","      <td>20364.123047</td>\n","      <td>6018.188965</td>\n","      <td>14457.543945</td>\n","      <td>8023.052246</td>\n","      <td>21205.138672</td>\n","      <td>47153.746094</td>\n","      <td>6236.660645</td>\n","      <td>49568.355469</td>\n","      <td>13715.537109</td>\n","      <td>16286.285156</td>\n","      <td>12178.000977</td>\n","      <td>31495.607422</td>\n","      <td>11470.151367</td>\n","      <td>4794.520508</td>\n","    </tr>\n","    <tr>\n","      <th>2020-01-08</th>\n","      <td>14234.183594</td>\n","      <td>39172.734375</td>\n","      <td>20448.943359</td>\n","      <td>6014.204102</td>\n","      <td>15245.229492</td>\n","      <td>7944.218750</td>\n","      <td>20889.537109</td>\n","      <td>46491.863281</td>\n","      <td>6246.646973</td>\n","      <td>49409.152344</td>\n","      <td>13703.370117</td>\n","      <td>16369.946289</td>\n","      <td>12206.949219</td>\n","      <td>31103.097656</td>\n","      <td>11460.185547</td>\n","      <td>4871.353516</td>\n","    </tr>\n","  </tbody>\n","</table>\n","</div>\n","    <div class=\"colab-df-buttons\">\n","\n","  <div class=\"colab-df-container\">\n","    <button class=\"colab-df-convert\" onclick=\"convertToInteractive('df-eaa37420-c399-4a58-9c58-4518ac7f17fe')\"\n","            title=\"Convert this dataframe to an interactive table.\"\n","            style=\"display:none;\">\n","\n","  <svg xmlns=\"http://www.w3.org/2000/svg\" height=\"24px\" viewBox=\"0 -960 960 960\">\n","    <path d=\"M120-120v-720h720v720H120Zm60-500h600v-160H180v160Zm220 220h160v-160H400v160Zm0 220h160v-160H400v160ZM180-400h160v-160H180v160Zm440 0h160v-160H620v160ZM180-180h160v-160H180v160Zm440 0h160v-160H620v160Z\"/>\n","  </svg>\n","    </button>\n","\n","  <style>\n","    .colab-df-container {\n","      display:flex;\n","      gap: 12px;\n","    }\n","\n","    .colab-df-convert {\n","      background-color: #E8F0FE;\n","      border: none;\n","      border-radius: 50%;\n","      cursor: pointer;\n","      display: none;\n","      fill: #1967D2;\n","      height: 32px;\n","      padding: 0 0 0 0;\n","      width: 32px;\n","    }\n","\n","    .colab-df-convert:hover {\n","      background-color: #E2EBFA;\n","      box-shadow: 0px 1px 2px rgba(60, 64, 67, 0.3), 0px 1px 3px 1px rgba(60, 64, 67, 0.15);\n","      fill: #174EA6;\n","    }\n","\n","    .colab-df-buttons div {\n","      margin-bottom: 4px;\n","    }\n","\n","    [theme=dark] .colab-df-convert {\n","      background-color: #3B4455;\n","      fill: #D2E3FC;\n","    }\n","\n","    [theme=dark] .colab-df-convert:hover {\n","      background-color: #434B5C;\n","      box-shadow: 0px 1px 3px 1px rgba(0, 0, 0, 0.15);\n","      filter: drop-shadow(0px 1px 2px rgba(0, 0, 0, 0.3));\n","      fill: #FFFFFF;\n","    }\n","  </style>\n","\n","    <script>\n","      const buttonEl =\n","        document.querySelector('#df-eaa37420-c399-4a58-9c58-4518ac7f17fe button.colab-df-convert');\n","      buttonEl.style.display =\n","        google.colab.kernel.accessAllowed ? 'block' : 'none';\n","\n","      async function convertToInteractive(key) {\n","        const element = document.querySelector('#df-eaa37420-c399-4a58-9c58-4518ac7f17fe');\n","        const dataTable =\n","          await google.colab.kernel.invokeFunction('convertToInteractive',\n","                                                    [key], {});\n","        if (!dataTable) return;\n","\n","        const docLinkHtml = 'Like what you see? Visit the ' +\n","          '<a target=\"_blank\" href=https://colab.research.google.com/notebooks/data_table.ipynb>data table notebook</a>'\n","          + ' to learn more about interactive tables.';\n","        element.innerHTML = '';\n","        dataTable['output_type'] = 'display_data';\n","        await google.colab.output.renderOutput(dataTable, element);\n","        const docLink = document.createElement('div');\n","        docLink.innerHTML = docLinkHtml;\n","        element.appendChild(docLink);\n","      }\n","    </script>\n","  </div>\n","\n","\n","    </div>\n","  </div>\n"],"application/vnd.google.colaboratory.intrinsic+json":{"type":"dataframe","summary":"{\n  \"name\": \"df\",\n  \"rows\": 5,\n  \"fields\": [\n    {\n      \"column\": \"Date\",\n      \"properties\": {\n        \"dtype\": \"date\",\n        \"min\": \"2020-01-02 00:00:00\",\n        \"max\": \"2020-01-08 00:00:00\",\n        \"num_unique_values\": 5,\n        \"samples\": [\n          \"2020-01-03 00:00:00\",\n          \"2020-01-08 00:00:00\",\n          \"2020-01-06 00:00:00\"\n        ],\n        \"semantic_type\": \"\",\n        \"description\": \"\"\n      }\n    },\n    {\n      \"column\": \"ABG.JO\",\n      \"properties\": {\n        \"dtype\": \"number\",\n        \"std\": 399.1356541957959,\n        \"min\": 14097.7666015625,\n        \"max\": 15004.8896484375,\n        \"num_unique_values\": 5,\n        \"samples\": [\n          14897.3505859375,\n          14234.18359375,\n          14474.158203125\n        ],\n        \"semantic_type\": \"\",\n        \"description\": \"\"\n      }\n    },\n    {\n      \"column\": \"AGL.JO\",\n      \"properties\": {\n        \"dtype\": \"number\",\n        \"std\": 253.72646875876293,\n        \"min\": 39118.05078125,\n        \"max\": 39658.98046875,\n        \"num_unique_values\": 5,\n        \"samples\": [\n          39601.36328125,\n          39172.734375,\n          39232.2890625\n        ],\n        \"semantic_type\": \"\",\n        \"description\": \"\"\n      }\n    },\n    {\n      \"column\": \"BVT.JO\",\n      \"properties\": {\n        \"dtype\": \"number\",\n        \"std\": 107.5364553462654,\n        \"min\": 20261.34375,\n        \"max\": 20518.791015625,\n        \"num_unique_values\": 5,\n        \"samples\": [\n          20518.791015625,\n          20448.943359375,\n          20261.34375\n        ],\n        \"semantic_type\": \"\",\n        \"description\": \"\"\n      }\n    },\n    {\n      \"column\": \"FSR.JO\",\n      \"properties\": {\n        \"dtype\": \"number\",\n        \"std\": 141.57248066015043,\n        \"min\": 5983.31591796875,\n        \"max\": 6302.16015625,\n        \"num_unique_values\": 5,\n        \"samples\": [\n          6208.5,\n          6014.2041015625,\n          5983.31591796875\n        ],\n        \"semantic_type\": \"\",\n        \"description\": \"\"\n      }\n    },\n    {\n      \"column\": \"IMP.JO\",\n      \"properties\": {\n        \"dtype\": \"number\",\n        \"std\": 369.8824818097126,\n        \"min\": 14288.0400390625,\n        \"max\": 15245.2294921875,\n        \"num_unique_values\": 5,\n        \"samples\": [\n          14799.5390625,\n          15245.2294921875,\n          14577.19140625\n        ],\n        \"semantic_type\": \"\",\n        \"description\": \"\"\n      }\n    },\n    {\n      \"column\": \"MTN.JO\",\n      \"properties\": {\n        \"dtype\": \"number\",\n        \"std\": 155.58773085035432,\n        \"min\": 7944.21875,\n        \"max\": 8347.3681640625,\n        \"num_unique_values\": 5,\n        \"samples\": [\n          8105.87744140625,\n          7944.21875,\n          8022.0546875\n        ],\n        \"semantic_type\": \"\",\n        \"description\": \"\"\n      }\n    },\n    {\n      \"column\": \"NED.JO\",\n      \"properties\": {\n        \"dtype\": \"number\",\n        \"std\": 309.85657020289307,\n        \"min\": 20889.537109375,\n        \"max\": 21655.154296875,\n        \"num_unique_values\": 5,\n        \"samples\": [\n          21479.919921875,\n          20889.537109375,\n          21061.771484375\n        ],\n        \"semantic_type\": \"\",\n        \"description\": \"\"\n      }\n    },\n    {\n      \"column\": \"NPN.JO\",\n      \"properties\": {\n        \"dtype\": \"number\",\n        \"std\": 264.8282341509598,\n        \"min\": 46491.86328125,\n        \"max\": 47153.74609375,\n        \"num_unique_values\": 5,\n        \"samples\": [\n          47071.76171875,\n          46491.86328125,\n          46867.79296875\n        ],\n        \"semantic_type\": \"\",\n        \"description\": \"\"\n      }\n    },\n    {\n      \"column\": \"PIK.JO\",\n      \"properties\": {\n        \"dtype\": \"number\",\n        \"std\": 90.27262842572611,\n        \"min\": 6148.77734375,\n        \"max\": 6377.47119140625,\n        \"num_unique_values\": 5,\n        \"samples\": [\n          6338.5234375,\n          6246.64697265625,\n          6148.77734375\n        ],\n        \"semantic_type\": \"\",\n        \"description\": \"\"\n      }\n    },\n    {\n      \"column\": \"PRX.JO\",\n      \"properties\": {\n        \"dtype\": \"number\",\n        \"std\": 307.21352161362245,\n        \"min\": 48861.8203125,\n        \"max\": 49568.35546875,\n        \"num_unique_values\": 5,\n        \"samples\": [\n          48957.7109375,\n          49409.15234375,\n          48861.8203125\n        ],\n        \"semantic_type\": \"\",\n        \"description\": \"\"\n      }\n    },\n    {\n      \"column\": \"REM.JO\",\n      \"properties\": {\n        \"dtype\": \"number\",\n        \"std\": 133.8281715274514,\n        \"min\": 13686.91015625,\n        \"max\": 13958.857421875,\n        \"num_unique_values\": 5,\n        \"samples\": [\n          13930.9482421875,\n          13703.3701171875,\n          13686.91015625\n        ],\n        \"semantic_type\": \"\",\n        \"description\": \"\"\n      }\n    },\n    {\n      \"column\": \"SBK.JO\",\n      \"properties\": {\n        \"dtype\": \"number\",\n        \"std\": 241.83386996255916,\n        \"min\": 16273.3369140625,\n        \"max\": 16812.1640625,\n        \"num_unique_values\": 5,\n        \"samples\": [\n          16656.791015625,\n          16369.9462890625,\n          16273.3369140625\n        ],\n        \"semantic_type\": \"\",\n        \"description\": \"\"\n      }\n    },\n    {\n      \"column\": \"SHP.JO\",\n      \"properties\": {\n        \"dtype\": \"number\",\n        \"std\": 197.0381561925167,\n        \"min\": 11976.3642578125,\n        \"max\": 12502.412109375,\n        \"num_unique_values\": 5,\n        \"samples\": [\n          12349.6904296875,\n          12206.94921875,\n          11976.3642578125\n        ],\n        \"semantic_type\": \"\",\n        \"description\": \"\"\n      }\n    },\n    {\n      \"column\": \"SOL.JO\",\n      \"properties\": {\n        \"dtype\": \"number\",\n        \"std\": 542.7268178278981,\n        \"min\": 30347.04296875,\n        \"max\": 31795.232421875,\n        \"num_unique_values\": 5,\n        \"samples\": [\n          31161.025390625,\n          31103.09765625,\n          31795.232421875\n        ],\n        \"semantic_type\": \"\",\n        \"description\": \"\"\n      }\n    },\n    {\n      \"column\": \"VOD.JO\",\n      \"properties\": {\n        \"dtype\": \"number\",\n        \"std\": 77.17240483993609,\n        \"min\": 11368.50390625,\n        \"max\": 11561.83203125,\n        \"num_unique_values\": 5,\n        \"samples\": [\n          11544.892578125,\n          11460.185546875,\n          11368.50390625\n        ],\n        \"semantic_type\": \"\",\n        \"description\": \"\"\n      }\n    },\n    {\n      \"column\": \"WHL.JO\",\n      \"properties\": {\n        \"dtype\": \"number\",\n        \"std\": 74.32713747874118,\n        \"min\": 4777.55859375,\n        \"max\": 4938.20703125,\n        \"num_unique_values\": 5,\n        \"samples\": [\n          4929.2265625,\n          4871.353515625,\n          4777.55859375\n        ],\n        \"semantic_type\": \"\",\n        \"description\": \"\"\n      }\n    }\n  ]\n}"}},"metadata":{}},{"output_type":"stream","name":"stdout","text":["<class 'pandas.core.frame.DataFrame'>\n","DatetimeIndex: 1250 entries, 2020-01-02 to 2024-12-31\n","Data columns (total 16 columns):\n"," #   Column  Non-Null Count  Dtype  \n","---  ------  --------------  -----  \n"," 0   ABG.JO  1250 non-null   float64\n"," 1   AGL.JO  1250 non-null   float64\n"," 2   BVT.JO  1250 non-null   float64\n"," 3   FSR.JO  1250 non-null   float64\n"," 4   IMP.JO  1250 non-null   float64\n"," 5   MTN.JO  1250 non-null   float64\n"," 6   NED.JO  1250 non-null   float64\n"," 7   NPN.JO  1250 non-null   float64\n"," 8   PIK.JO  1250 non-null   float64\n"," 9   PRX.JO  1250 non-null   float64\n"," 10  REM.JO  1250 non-null   float64\n"," 11  SBK.JO  1250 non-null   float64\n"," 12  SHP.JO  1250 non-null   float64\n"," 13  SOL.JO  1250 non-null   float64\n"," 14  VOD.JO  1250 non-null   float64\n"," 15  WHL.JO  1250 non-null   float64\n","dtypes: float64(16)\n","memory usage: 166.0 KB\n"]}]},{"cell_type":"code","metadata":{"colab":{"base_uri":"https://localhost:8080/","height":1000},"id":"01868ab9","executionInfo":{"status":"ok","timestamp":1777757803356,"user_tz":-120,"elapsed":50,"user":{"displayName":"Thomas Karabo Mohlapo","userId":"01401359363863313262"}},"outputId":"13264c0e-89d1-4c9a-b3ca-3e401a1794b5"},"source":["# Calculate daily returns (already available in the DataFrame)\n","daily_returns = np.log(df / df.shift(1)).dropna()\n","\n","# Annualized metrics\n","annual_returns = daily_returns.mean() * 252\n","annual_cov_matrix = daily_returns.cov() * 252\n","\n","# Calculate annualized average returns\n","annual_returns = daily_returns.mean() * 252  # 252 trading days in a year\n","\n","# Calculate annualized covariance matrix\n","annual_cov_matrix = daily_returns.cov() * 252\n","\n","print(\"Annualized Average Returns:\")\n","display(annual_returns)\n","\n","print(\"\\nAnnualized Covariance Matrix:\")\n","display(annual_cov_matrix)"],"execution_count":23,"outputs":[{"output_type":"stream","name":"stdout","text":["Annualized Average Returns:\n"]},{"output_type":"display_data","data":{"text/plain":["Ticker\n","ABG.JO    0.047119\n","AGL.JO    0.063153\n","BVT.JO    0.050600\n","FSR.JO    0.037493\n","IMP.JO   -0.098417\n","MTN.JO    0.019485\n","NED.JO    0.052809\n","NPN.JO    0.116968\n","PIK.JO   -0.147507\n","PRX.JO    0.085535\n","REM.JO    0.021178\n","SBK.JO    0.055680\n","SHP.JO    0.172784\n","SOL.JO   -0.260917\n","VOD.JO   -0.026653\n","WHL.JO    0.046929\n","dtype: float64"],"text/html":["<div>\n","<style scoped>\n","    .dataframe tbody tr th:only-of-type {\n","        vertical-align: middle;\n","    }\n","\n","    .dataframe tbody tr th {\n","        vertical-align: top;\n","    }\n","\n","    .dataframe thead th {\n","        text-align: right;\n","    }\n","</style>\n","<table border=\"1\" class=\"dataframe\">\n","  <thead>\n","    <tr style=\"text-align: right;\">\n","      <th></th>\n","      <th>0</th>\n","    </tr>\n","    <tr>\n","      <th>Ticker</th>\n","      <th></th>\n","    </tr>\n","  </thead>\n","  <tbody>\n","    <tr>\n","      <th>ABG.JO</th>\n","      <td>0.047119</td>\n","    </tr>\n","    <tr>\n","      <th>AGL.JO</th>\n","      <td>0.063153</td>\n","    </tr>\n","    <tr>\n","      <th>BVT.JO</th>\n","      <td>0.050600</td>\n","    </tr>\n","    <tr>\n","      <th>FSR.JO</th>\n","      <td>0.037493</td>\n","    </tr>\n","    <tr>\n","      <th>IMP.JO</th>\n","      <td>-0.098417</td>\n","    </tr>\n","    <tr>\n","      <th>MTN.JO</th>\n","      <td>0.019485</td>\n","    </tr>\n","    <tr>\n","      <th>NED.JO</th>\n","      <td>0.052809</td>\n","    </tr>\n","    <tr>\n","      <th>NPN.JO</th>\n","      <td>0.116968</td>\n","    </tr>\n","    <tr>\n","      <th>PIK.JO</th>\n","      <td>-0.147507</td>\n","    </tr>\n","    <tr>\n","      <th>PRX.JO</th>\n","      <td>0.085535</td>\n","    </tr>\n","    <tr>\n","      <th>REM.JO</th>\n","      <td>0.021178</td>\n","    </tr>\n","    <tr>\n","      <th>SBK.JO</th>\n","      <td>0.055680</td>\n","    </tr>\n","    <tr>\n","      <th>SHP.JO</th>\n","      <td>0.172784</td>\n","    </tr>\n","    <tr>\n","      <th>SOL.JO</th>\n","      <td>-0.260917</td>\n","    </tr>\n","    <tr>\n","      <th>VOD.JO</th>\n","      <td>-0.026653</td>\n","    </tr>\n","    <tr>\n","      <th>WHL.JO</th>\n","      <td>0.046929</td>\n","    </tr>\n","  </tbody>\n","</table>\n","</div><br><label><b>dtype:</b> float64</label>"]},"metadata":{}},{"output_type":"stream","name":"stdout","text":["\n","Annualized Covariance Matrix:\n"]},{"output_type":"display_data","data":{"text/plain":["Ticker    ABG.JO    AGL.JO    BVT.JO    FSR.JO    IMP.JO    MTN.JO    NED.JO  \\\n","Ticker                                                                         \n","ABG.JO  0.144152  0.045843  0.066467  0.097553  0.056549  0.076331  0.121835   \n","AGL.JO  0.045843  0.177518  0.028354  0.045563  0.138832  0.056238  0.047002   \n","BVT.JO  0.066467  0.028354  0.099422  0.061115  0.048630  0.050685  0.072518   \n","FSR.JO  0.097553  0.045563  0.061115  0.114259  0.054476  0.070505  0.100688   \n","IMP.JO  0.056549  0.138832  0.048630  0.054476  0.379728  0.076604  0.072127   \n","MTN.JO  0.076331  0.056238  0.050685  0.070505  0.076604  0.212324  0.083185   \n","NED.JO  0.121835  0.047002  0.072518  0.100688  0.072127  0.083185  0.156496   \n","NPN.JO  0.013795  0.042608  0.008899  0.016416  0.055420  0.022608  0.012668   \n","PIK.JO  0.033417  0.024522  0.030523  0.035434  0.027220  0.035941  0.033679   \n","PRX.JO  0.003744  0.043192  0.003054  0.007255  0.049844  0.016587  0.001073   \n","REM.JO  0.069904  0.035035  0.051835  0.065951  0.049034  0.060318  0.074606   \n","SBK.JO  0.102221  0.045009  0.062379  0.091917  0.061950  0.071401  0.108968   \n","SHP.JO  0.043242  0.019433  0.040873  0.042473  0.029920  0.038805  0.044556   \n","SOL.JO  0.102190  0.131017  0.061972  0.082505  0.173427  0.133970  0.120060   \n","VOD.JO  0.029511  0.018850  0.031611  0.029935  0.028157  0.053824  0.030005   \n","WHL.JO  0.069479  0.034246  0.057816  0.058770  0.053639  0.056615  0.074267   \n","\n","Ticker    NPN.JO    PIK.JO    PRX.JO    REM.JO    SBK.JO    SHP.JO    SOL.JO  \\\n","Ticker                                                                         \n","ABG.JO  0.013795  0.033417  0.003744  0.069904  0.102221  0.043242  0.102190   \n","AGL.JO  0.042608  0.024522  0.043192  0.035035  0.045009  0.019433  0.131017   \n","BVT.JO  0.008899  0.030523  0.003054  0.051835  0.062379  0.040873  0.061972   \n","FSR.JO  0.016416  0.035434  0.007255  0.065951  0.091917  0.042473  0.082505   \n","IMP.JO  0.055420  0.027220  0.049844  0.049034  0.061950  0.029920  0.173427   \n","MTN.JO  0.022608  0.035941  0.016587  0.060318  0.071401  0.038805  0.133970   \n","NED.JO  0.012668  0.033679  0.001073  0.074606  0.108968  0.044556  0.120060   \n","NPN.JO  0.191446  0.016787  0.168613  0.018579  0.017060  0.009467  0.028518   \n","PIK.JO  0.016787  0.155228  0.012175  0.029392  0.034779  0.050984  0.034970   \n","PRX.JO  0.168613  0.012175  0.169703  0.011971  0.008324  0.005661  0.025172   \n","REM.JO  0.018579  0.029392  0.011971  0.078746  0.065686  0.036997  0.071762   \n","SBK.JO  0.017060  0.034779  0.008324  0.065686  0.116196  0.043778  0.093778   \n","SHP.JO  0.009467  0.050984  0.005661  0.036997  0.043778  0.087957  0.038283   \n","SOL.JO  0.028518  0.034970  0.025172  0.071762  0.093778  0.038283  0.523560   \n","VOD.JO  0.011596  0.027331  0.008782  0.028889  0.030480  0.029409  0.027117   \n","WHL.JO  0.023341  0.045292  0.015082  0.051990  0.063085  0.049934  0.069516   \n","\n","Ticker    VOD.JO    WHL.JO  \n","Ticker                      \n","ABG.JO  0.029511  0.069479  \n","AGL.JO  0.018850  0.034246  \n","BVT.JO  0.031611  0.057816  \n","FSR.JO  0.029935  0.058770  \n","IMP.JO  0.028157  0.053639  \n","MTN.JO  0.053824  0.056615  \n","NED.JO  0.030005  0.074267  \n","NPN.JO  0.011596  0.023341  \n","PIK.JO  0.027331  0.045292  \n","PRX.JO  0.008782  0.015082  \n","REM.JO  0.028889  0.051990  \n","SBK.JO  0.030480  0.063085  \n","SHP.JO  0.029409  0.049934  \n","SOL.JO  0.027117  0.069516  \n","VOD.JO  0.063560  0.029558  \n","WHL.JO  0.029558  0.116551  "],"text/html":["\n","  <div id=\"df-9fb4405a-a764-42af-9d54-ad258791741f\" class=\"colab-df-container\">\n","    <div>\n","<style scoped>\n","    .dataframe tbody tr th:only-of-type {\n","        vertical-align: middle;\n","    }\n","\n","    .dataframe tbody tr th {\n","        vertical-align: top;\n","    }\n","\n","    .dataframe thead th {\n","        text-align: right;\n","    }\n","</style>\n","<table border=\"1\" class=\"dataframe\">\n","  <thead>\n","    <tr style=\"text-align: right;\">\n","      <th>Ticker</th>\n","      <th>ABG.JO</th>\n","      <th>AGL.JO</th>\n","      <th>BVT.JO</th>\n","      <th>FSR.JO</th>\n","      <th>IMP.JO</th>\n","      <th>MTN.JO</th>\n","      <th>NED.JO</th>\n","      <th>NPN.JO</th>\n","      <th>PIK.JO</th>\n","      <th>PRX.JO</th>\n","      <th>REM.JO</th>\n","      <th>SBK.JO</th>\n","      <th>SHP.JO</th>\n","      <th>SOL.JO</th>\n","      <th>VOD.JO</th>\n","      <th>WHL.JO</th>\n","    </tr>\n","    <tr>\n","      <th>Ticker</th>\n","      <th></th>\n","      <th></th>\n","      <th></th>\n","      <th></th>\n","      <th></th>\n","      <th></th>\n","      <th></th>\n","      <th></th>\n","      <th></th>\n","      <th></th>\n","      <th></th>\n","      <th></th>\n","      <th></th>\n","      <th></th>\n","      <th></th>\n","      <th></th>\n","    </tr>\n","  </thead>\n","  <tbody>\n","    <tr>\n","      <th>ABG.JO</th>\n","      <td>0.144152</td>\n","      <td>0.045843</td>\n","      <td>0.066467</td>\n","      <td>0.097553</td>\n","      <td>0.056549</td>\n","      <td>0.076331</td>\n","      <td>0.121835</td>\n","      <td>0.013795</td>\n","      <td>0.033417</td>\n","      <td>0.003744</td>\n","      <td>0.069904</td>\n","      <td>0.102221</td>\n","      <td>0.043242</td>\n","      <td>0.102190</td>\n","      <td>0.029511</td>\n","      <td>0.069479</td>\n","    </tr>\n","    <tr>\n","      <th>AGL.JO</th>\n","      <td>0.045843</td>\n","      <td>0.177518</td>\n","      <td>0.028354</td>\n","      <td>0.045563</td>\n","      <td>0.138832</td>\n","      <td>0.056238</td>\n","      <td>0.047002</td>\n","      <td>0.042608</td>\n","      <td>0.024522</td>\n","      <td>0.043192</td>\n","      <td>0.035035</td>\n","      <td>0.045009</td>\n","      <td>0.019433</td>\n","      <td>0.131017</td>\n","      <td>0.018850</td>\n","      <td>0.034246</td>\n","    </tr>\n","    <tr>\n","      <th>BVT.JO</th>\n","      <td>0.066467</td>\n","      <td>0.028354</td>\n","      <td>0.099422</td>\n","      <td>0.061115</td>\n","      <td>0.048630</td>\n","      <td>0.050685</td>\n","      <td>0.072518</td>\n","      <td>0.008899</td>\n","      <td>0.030523</td>\n","      <td>0.003054</td>\n","      <td>0.051835</td>\n","      <td>0.062379</td>\n","      <td>0.040873</td>\n","      <td>0.061972</td>\n","      <td>0.031611</td>\n","      <td>0.057816</td>\n","    </tr>\n","    <tr>\n","      <th>FSR.JO</th>\n","      <td>0.097553</td>\n","      <td>0.045563</td>\n","      <td>0.061115</td>\n","      <td>0.114259</td>\n","      <td>0.054476</td>\n","      <td>0.070505</td>\n","      <td>0.100688</td>\n","      <td>0.016416</td>\n","      <td>0.035434</td>\n","      <td>0.007255</td>\n","      <td>0.065951</td>\n","      <td>0.091917</td>\n","      <td>0.042473</td>\n","      <td>0.082505</td>\n","      <td>0.029935</td>\n","      <td>0.058770</td>\n","    </tr>\n","    <tr>\n","      <th>IMP.JO</th>\n","      <td>0.056549</td>\n","      <td>0.138832</td>\n","      <td>0.048630</td>\n","      <td>0.054476</td>\n","      <td>0.379728</td>\n","      <td>0.076604</td>\n","      <td>0.072127</td>\n","      <td>0.055420</td>\n","      <td>0.027220</td>\n","      <td>0.049844</td>\n","      <td>0.049034</td>\n","      <td>0.061950</td>\n","      <td>0.029920</td>\n","      <td>0.173427</td>\n","      <td>0.028157</td>\n","      <td>0.053639</td>\n","    </tr>\n","    <tr>\n","      <th>MTN.JO</th>\n","      <td>0.076331</td>\n","      <td>0.056238</td>\n","      <td>0.050685</td>\n","      <td>0.070505</td>\n","      <td>0.076604</td>\n","      <td>0.212324</td>\n","      <td>0.083185</td>\n","      <td>0.022608</td>\n","      <td>0.035941</td>\n","      <td>0.016587</td>\n","      <td>0.060318</td>\n","      <td>0.071401</td>\n","      <td>0.038805</td>\n","      <td>0.133970</td>\n","      <td>0.053824</td>\n","      <td>0.056615</td>\n","    </tr>\n","    <tr>\n","      <th>NED.JO</th>\n","      <td>0.121835</td>\n","      <td>0.047002</td>\n","      <td>0.072518</td>\n","      <td>0.100688</td>\n","      <td>0.072127</td>\n","      <td>0.083185</td>\n","      <td>0.156496</td>\n","      <td>0.012668</td>\n","      <td>0.033679</td>\n","      <td>0.001073</td>\n","      <td>0.074606</td>\n","      <td>0.108968</td>\n","      <td>0.044556</td>\n","      <td>0.120060</td>\n","      <td>0.030005</td>\n","      <td>0.074267</td>\n","    </tr>\n","    <tr>\n","      <th>NPN.JO</th>\n","      <td>0.013795</td>\n","      <td>0.042608</td>\n","      <td>0.008899</td>\n","      <td>0.016416</td>\n","      <td>0.055420</td>\n","      <td>0.022608</td>\n","      <td>0.012668</td>\n","      <td>0.191446</td>\n","      <td>0.016787</td>\n","      <td>0.168613</td>\n","      <td>0.018579</td>\n","      <td>0.017060</td>\n","      <td>0.009467</td>\n","      <td>0.028518</td>\n","      <td>0.011596</td>\n","      <td>0.023341</td>\n","    </tr>\n","    <tr>\n","      <th>PIK.JO</th>\n","      <td>0.033417</td>\n","      <td>0.024522</td>\n","      <td>0.030523</td>\n","      <td>0.035434</td>\n","      <td>0.027220</td>\n","      <td>0.035941</td>\n","      <td>0.033679</td>\n","      <td>0.016787</td>\n","      <td>0.155228</td>\n","      <td>0.012175</td>\n","      <td>0.029392</td>\n","      <td>0.034779</td>\n","      <td>0.050984</td>\n","      <td>0.034970</td>\n","      <td>0.027331</td>\n","      <td>0.045292</td>\n","    </tr>\n","    <tr>\n","      <th>PRX.JO</th>\n","      <td>0.003744</td>\n","      <td>0.043192</td>\n","      <td>0.003054</td>\n","      <td>0.007255</td>\n","      <td>0.049844</td>\n","      <td>0.016587</td>\n","      <td>0.001073</td>\n","      <td>0.168613</td>\n","      <td>0.012175</td>\n","      <td>0.169703</td>\n","      <td>0.011971</td>\n","      <td>0.008324</td>\n","      <td>0.005661</td>\n","      <td>0.025172</td>\n","      <td>0.008782</td>\n","      <td>0.015082</td>\n","    </tr>\n","    <tr>\n","      <th>REM.JO</th>\n","      <td>0.069904</td>\n","      <td>0.035035</td>\n","      <td>0.051835</td>\n","      <td>0.065951</td>\n","      <td>0.049034</td>\n","      <td>0.060318</td>\n","      <td>0.074606</td>\n","      <td>0.018579</td>\n","      <td>0.029392</td>\n","      <td>0.011971</td>\n","      <td>0.078746</td>\n","      <td>0.065686</td>\n","      <td>0.036997</td>\n","      <td>0.071762</td>\n","      <td>0.028889</td>\n","      <td>0.051990</td>\n","    </tr>\n","    <tr>\n","      <th>SBK.JO</th>\n","      <td>0.102221</td>\n","      <td>0.045009</td>\n","      <td>0.062379</td>\n","      <td>0.091917</td>\n","      <td>0.061950</td>\n","      <td>0.071401</td>\n","      <td>0.108968</td>\n","      <td>0.017060</td>\n","      <td>0.034779</td>\n","      <td>0.008324</td>\n","      <td>0.065686</td>\n","      <td>0.116196</td>\n","      <td>0.043778</td>\n","      <td>0.093778</td>\n","      <td>0.030480</td>\n","      <td>0.063085</td>\n","    </tr>\n","    <tr>\n","      <th>SHP.JO</th>\n","      <td>0.043242</td>\n","      <td>0.019433</td>\n","      <td>0.040873</td>\n","      <td>0.042473</td>\n","      <td>0.029920</td>\n","      <td>0.038805</td>\n","      <td>0.044556</td>\n","      <td>0.009467</td>\n","      <td>0.050984</td>\n","      <td>0.005661</td>\n","      <td>0.036997</td>\n","      <td>0.043778</td>\n","      <td>0.087957</td>\n","      <td>0.038283</td>\n","      <td>0.029409</td>\n","      <td>0.049934</td>\n","    </tr>\n","    <tr>\n","      <th>SOL.JO</th>\n","      <td>0.102190</td>\n","      <td>0.131017</td>\n","      <td>0.061972</td>\n","      <td>0.082505</td>\n","      <td>0.173427</td>\n","      <td>0.133970</td>\n","      <td>0.120060</td>\n","      <td>0.028518</td>\n","      <td>0.034970</td>\n","      <td>0.025172</td>\n","      <td>0.071762</td>\n","      <td>0.093778</td>\n","      <td>0.038283</td>\n","      <td>0.523560</td>\n","      <td>0.027117</td>\n","      <td>0.069516</td>\n","    </tr>\n","    <tr>\n","      <th>VOD.JO</th>\n","      <td>0.029511</td>\n","      <td>0.018850</td>\n","      <td>0.031611</td>\n","      <td>0.029935</td>\n","      <td>0.028157</td>\n","      <td>0.053824</td>\n","      <td>0.030005</td>\n","      <td>0.011596</td>\n","      <td>0.027331</td>\n","      <td>0.008782</td>\n","      <td>0.028889</td>\n","      <td>0.030480</td>\n","      <td>0.029409</td>\n","      <td>0.027117</td>\n","      <td>0.063560</td>\n","      <td>0.029558</td>\n","    </tr>\n","    <tr>\n","      <th>WHL.JO</th>\n","      <td>0.069479</td>\n","      <td>0.034246</td>\n","      <td>0.057816</td>\n","      <td>0.058770</td>\n","      <td>0.053639</td>\n","      <td>0.056615</td>\n","      <td>0.074267</td>\n","      <td>0.023341</td>\n","      <td>0.045292</td>\n","      <td>0.015082</td>\n","      <td>0.051990</td>\n","      <td>0.063085</td>\n","      <td>0.049934</td>\n","      <td>0.069516</td>\n","      <td>0.029558</td>\n","      <td>0.116551</td>\n","    </tr>\n","  </tbody>\n","</table>\n","</div>\n","    <div class=\"colab-df-buttons\">\n","\n","  <div class=\"colab-df-container\">\n","    <button class=\"colab-df-convert\" onclick=\"convertToInteractive('df-9fb4405a-a764-42af-9d54-ad258791741f')\"\n","            title=\"Convert this dataframe to an interactive table.\"\n","            style=\"display:none;\">\n","\n","  <svg xmlns=\"http://www.w3.org/2000/svg\" height=\"24px\" viewBox=\"0 -960 960 960\">\n","    <path d=\"M120-120v-720h720v720H120Zm60-500h600v-160H180v160Zm220 220h160v-160H400v160Zm0 220h160v-160H400v160ZM180-400h160v-160H180v160Zm440 0h160v-160H620v160ZM180-180h160v-160H180v160Zm440 0h160v-160H620v160Z\"/>\n","  </svg>\n","    </button>\n","\n","  <style>\n","    .colab-df-container {\n","      display:flex;\n","      gap: 12px;\n","    }\n","\n","    .colab-df-convert {\n","      background-color: #E8F0FE;\n","      border: none;\n","      border-radius: 50%;\n","      cursor: pointer;\n","      display: none;\n","      fill: #1967D2;\n","      height: 32px;\n","      padding: 0 0 0 0;\n","      width: 32px;\n","    }\n","\n","    .colab-df-convert:hover {\n","      background-color: #E2EBFA;\n","      box-shadow: 0px 1px 2px rgba(60, 64, 67, 0.3), 0px 1px 3px 1px rgba(60, 64, 67, 0.15);\n","      fill: #174EA6;\n","    }\n","\n","    .colab-df-buttons div {\n","      margin-bottom: 4px;\n","    }\n","\n","    [theme=dark] .colab-df-convert {\n","      background-color: #3B4455;\n","      fill: #D2E3FC;\n","    }\n","\n","    [theme=dark] .colab-df-convert:hover {\n","      background-color: #434B5C;\n","      box-shadow: 0px 1px 3px 1px rgba(0, 0, 0, 0.15);\n","      filter: drop-shadow(0px 1px 2px rgba(0, 0, 0, 0.3));\n","      fill: #FFFFFF;\n","    }\n","  </style>\n","\n","    <script>\n","      const buttonEl =\n","        document.querySelector('#df-9fb4405a-a764-42af-9d54-ad258791741f button.colab-df-convert');\n","      buttonEl.style.display =\n","        google.colab.kernel.accessAllowed ? 'block' : 'none';\n","\n","      async function convertToInteractive(key) {\n","        const element = document.querySelector('#df-9fb4405a-a764-42af-9d54-ad258791741f');\n","        const dataTable =\n","          await google.colab.kernel.invokeFunction('convertToInteractive',\n","                                                    [key], {});\n","        if (!dataTable) return;\n","\n","        const docLinkHtml = 'Like what you see? Visit the ' +\n","          '<a target=\"_blank\" href=https://colab.research.google.com/notebooks/data_table.ipynb>data table notebook</a>'\n","          + ' to learn more about interactive tables.';\n","        element.innerHTML = '';\n","        dataTable['output_type'] = 'display_data';\n","        await google.colab.output.renderOutput(dataTable, element);\n","        const docLink = document.createElement('div');\n","        docLink.innerHTML = docLinkHtml;\n","        element.appendChild(docLink);\n","      }\n","    </script>\n","  </div>\n","\n","\n","  <div id=\"id_0198a79c-edb7-4aad-ae5d-65fc792e19aa\">\n","    <style>\n","      .colab-df-generate {\n","        background-color: #E8F0FE;\n","        border: none;\n","        border-radius: 50%;\n","        cursor: pointer;\n","        display: none;\n","        fill: #1967D2;\n","        height: 32px;\n","        padding: 0 0 0 0;\n","        width: 32px;\n","      }\n","\n","      .colab-df-generate:hover {\n","        background-color: #E2EBFA;\n","        box-shadow: 0px 1px 2px rgba(60, 64, 67, 0.3), 0px 1px 3px 1px rgba(60, 64, 67, 0.15);\n","        fill: #174EA6;\n","      }\n","\n","      [theme=dark] .colab-df-generate {\n","        background-color: #3B4455;\n","        fill: #D2E3FC;\n","      }\n","\n","      [theme=dark] .colab-df-generate:hover {\n","        background-color: #434B5C;\n","        box-shadow: 0px 1px 3px 1px rgba(0, 0, 0, 0.15);\n","        filter: drop-shadow(0px 1px 2px rgba(0, 0, 0, 0.3));\n","        fill: #FFFFFF;\n","      }\n","    </style>\n","    <button class=\"colab-df-generate\" 